DiKronZO Overnight Test Results
========================================================================================================================
Exp  Sampling Interval Dir_Q  Best_Val  Final_Train It/s   Mem(GB)  Steps  Time(min)
------------------------------------------------------------------------------------------------------------------------
6    1        5        10     8.7431    8.7499      0.81   0.1      5001   12.1     
21   2        10       10     8.7623    8.7674      0.96   0.1      5001   82.7     
24   2        20       10     8.7690    8.7895      0.93   0.1      5001   82.0     
12   1        20       10     8.7783    8.7767      0.57   0.1      5001   11.0     
18   2        5        10     8.7835    8.8018      0.93   0.1      5001   84.2     
9    1        10       10     8.7872    8.7670      0.50   0.1      5001   11.5     
15   2        1        10     8.7962    8.7869      0.85   0.1      5001   95.5     
3    1        1        10     8.8522    8.8515      0.68   0.1      5001   19.3     
11   1        20       5      8.8783    8.8706      0.62   0.1      5001   6.8      
5    1        5        5      8.8818    8.8948      0.62   0.1      5001   7.3      
8    1        10       5      8.9024    8.9008      0.59   0.1      5001   6.9      
23   2        20       5      8.9327    8.9415      0.83   0.1      5001   47.8     
2    1        1        5      8.9487    8.9495      0.60   0.1      5001   10.9     
20   2        10       5      8.9491    8.9409      0.85   0.1      5001   48.0     
14   2        1        5      8.9520    8.9508      0.84   0.1      5001   56.3     
17   2        5        5      8.9778    8.9869      0.84   0.1      5001   48.5     
7    1        10       1      9.0924    9.1067      0.27   0.1      5001   3.4      
1    1        1        1      9.1388    9.1328      0.64   0.1      5001   5.4      
10   1        20       1      9.1389    9.1324      0.29   0.1      5001   4.1      
4    1        5        1      9.1794    9.1852      0.27   0.1      5001   3.5      
19   2        10       1      9.2342    9.2482      0.66   0.1      5001   21.5     
13   2        1        1      9.2533    9.2392      0.91   0.1      5001   24.3     
16   2        5        1      9.2557    9.2753      0.65   0.1      5001   21.2     
22   2        20       1      9.2593    9.2538      0.69   0.1      5001   20.5     
26   5        1        5      9.2674    9.2648      0.96   0.1      5001   83.7     
36   5        20       10     9.3198    9.3192      0.76   0.1      5001   108.6    
33   5        10       10     9.5421    9.5449      0.74   0.1      5001   110.6    
35   5        20       5      9.6483    9.6389      0.78   0.1      5001   63.8     
25   5        1        1      9.7198    9.7219      0.93   0.1      5001   35.9     
48   10       20       10     9.7539    9.7572      0.53   0.1      5001   156.4    
32   5        10       5      9.8375    9.8356      0.82   0.1      5001   65.3     
30   5        5        10     9.9450    9.9506      0.69   0.1      5001   114.0    
45   10       10       10     10.0263   10.0260     0.52   0.1      5001   160.5    
47   10       20       5      10.0637   10.0589     0.91   0.1      5001   92.4     
34   5        20       1      10.0651   10.0607     0.92   0.1      5001   28.0     
29   5        5        5      10.1227   10.1330     0.80   0.1      5001   67.5     
42   10       5        10     10.2095   10.2087     0.50   0.1      5001   167.8    
44   10       10       5      10.2178   10.2223     0.88   0.1      5001   94.5     
31   5        10       1      10.2324   10.2346     0.79   0.1      5001   28.2     
46   10       20       1      10.3012   10.3046     0.83   0.1      5001   40.0     
27   5        1        10     10.3488   10.3545     0.57   0.1      5001   143.8    
41   10       5        5      10.3581   10.3614     0.84   0.1      5001   98.5     
28   5        5        1      10.3695   10.3720     0.86   0.1      5001   29.3     
43   10       10       1      10.4237   10.4278     0.80   0.1      5001   41.6     
39   10       1        10     10.4608   10.4637     0.37   0.1      5001   223.0    
40   10       5        1      10.5029   10.4998     0.78   0.1      5001   42.9     
38   10       1        5      10.5486   10.5516     0.61   0.1      5001   131.5    
37   10       1        1      10.6360   10.6359     0.71   0.1      5001   57.5     
------------------------------------------------------------------------------------------------------------------------
Total successful runs: 48 / 48

Analysis:
----------------------------------------
Best validation loss: 8.7431
Best configuration:
  kronzo_sampling_number: 1
  step_interval: 5
  directional_q: 10

Fastest training: 0.96 it/s (Exp 21)
Lowest memory usage: 0.1 GB (Exp 6)