Directional ZO Methods Overnight Test Results
============================================================================================================================================
Exp  Method   LR       zo_eps   Momentum Best_Val  Final_Train It/s   Mem(GB)  Steps  Time(min)
--------------------------------------------------------------------------------------------------------------------------------------------
22   dilozo   1e-03    1e-03    Yes      8.8907    8.8894      0.77   0.4      3001   7.2      
76   dikronzo 3e-03    5e-03    No       8.9181    8.9345      0.93   0.1      3001   49.2     
72   dikronzo 1e-03    5e-03    No       8.9195    8.9364      0.92   0.1      3001   48.9     
21   dilozo   1e-03    5e-04    Yes      8.9220    8.9024      0.75   0.4      3001   7.2      
74   dikronzo 3e-03    1e-03    No       8.9228    8.9421      0.96   0.1      3001   49.1     
75   dikronzo 3e-03    2e-03    No       8.9251    8.9348      0.94   0.1      3001   49.7     
17   dilozo   6e-04    5e-04    Yes      8.9261    8.9288      0.78   0.4      3001   7.3      
35   dimezo   6e-04    2e-03    No       8.9310    8.9325      0.61   0.3      3001   6.1      
19   dilozo   6e-04    2e-03    Yes      8.9360    8.9414      0.76   0.4      3001   7.2      
71   dikronzo 1e-03    2e-03    No       8.9564    8.9659      0.95   0.1      3001   48.6     
52   dimezo   6e-04    5e-03    Yes      8.9571    8.9410      0.70   0.4      3001   6.3      
69   dikronzo 1e-03    5e-04    No       8.9611    8.9683      0.95   0.1      3001   48.6     
23   dilozo   1e-03    2e-03    Yes      8.9622    8.9988      0.78   0.4      3001   7.2      
92   dikronzo 3e-03    5e-03    Yes      8.9715    8.9644      0.92   0.1      3001   49.4     
36   dimezo   6e-04    5e-03    No       8.9723    8.9652      0.63   0.3      3001   6.2      
18   dilozo   6e-04    1e-03    Yes      8.9737    8.9710      0.81   0.4      3001   7.1      
56   dimezo   1e-03    5e-03    Yes      8.9921    8.9931      0.43   0.4      3001   6.1      
50   dimezo   6e-04    1e-03    Yes      8.9925    8.9672      0.58   0.4      3001   6.1      
51   dimezo   6e-04    2e-03    Yes      8.9961    8.9931      0.66   0.4      3001   6.2      
70   dikronzo 1e-03    1e-03    No       9.0061    8.9965      0.95   0.1      3001   48.8     
3    dilozo   6e-04    2e-03    No       9.0099    8.9924      0.44   0.3      3001   6.9      
40   dimezo   1e-03    5e-03    No       9.0105    8.9875      0.56   0.3      3001   6.3      
67   dikronzo 6e-04    2e-03    No       9.0131    9.0163      0.93   0.1      3001   48.5     
33   dimezo   6e-04    5e-04    No       9.0198    9.0000      0.70   0.3      3001   6.3      
55   dimezo   1e-03    2e-03    Yes      9.0215    9.0243      0.58   0.4      3001   6.1      
49   dimezo   6e-04    5e-04    Yes      9.0217    9.0136      0.54   0.4      3001   6.1      
66   dikronzo 6e-04    1e-03    No       9.0259    9.0303      0.94   0.1      3001   48.9     
39   dimezo   1e-03    2e-03    No       9.0335    9.0383      0.42   0.3      3001   6.1      
34   dimezo   6e-04    1e-03    No       9.0346    8.9933      0.63   0.3      3001   6.3      
88   dikronzo 1e-03    5e-03    Yes      9.0361    9.0398      0.95   0.1      3001   49.7     
86   dikronzo 1e-03    1e-03    Yes      9.0506    9.0129      0.93   0.1      3001   49.3     
4    dilozo   6e-04    5e-03    No       9.0514    9.0295      0.63   0.3      3001   7.3      
65   dikronzo 6e-04    5e-04    No       9.0522    9.0533      0.96   0.1      3001   48.6     
68   dikronzo 6e-04    5e-03    No       9.0522    9.0463      0.94   0.1      3001   48.6     
37   dimezo   1e-03    5e-04    No       9.0563    9.0563      0.58   0.3      3001   6.0      
90   dikronzo 3e-03    1e-03    Yes      9.0611    9.0805      0.95   0.1      3001   49.5     
85   dikronzo 1e-03    5e-04    Yes      9.0748    9.0837      0.95   0.1      3001   49.0     
87   dikronzo 1e-03    2e-03    Yes      9.0758    9.0721      0.95   0.1      3001   49.2     
54   dimezo   1e-03    1e-03    Yes      9.0812    9.0618      0.44   0.4      3001   6.1      
38   dimezo   1e-03    1e-03    No       9.0834    9.0912      0.44   0.3      3001   6.0      
91   dikronzo 3e-03    2e-03    Yes      9.0911    9.0868      0.94   0.1      3001   49.0     
89   dikronzo 3e-03    5e-04    Yes      9.0946    9.0961      0.92   0.1      3001   49.3     
53   dimezo   1e-03    5e-04    Yes      9.1174    9.1091      0.67   0.4      3001   6.2      
84   dikronzo 6e-04    5e-03    Yes      9.1283    9.1367      0.95   0.1      3001   49.3     
81   dikronzo 6e-04    5e-04    Yes      9.1470    9.1449      0.95   0.1      3001   48.8     
24   dilozo   1e-03    5e-03    Yes      9.1499    9.1341      0.68   0.4      3001   7.4      
73   dikronzo 3e-03    5e-04    No       9.1535    9.1411      0.95   0.1      3001   48.9     
83   dikronzo 6e-04    2e-03    Yes      9.1573    9.1667      0.93   0.1      3001   49.1     
82   dikronzo 6e-04    1e-03    Yes      9.1594    9.1572      0.95   0.1      3001   49.0     
20   dilozo   6e-04    5e-03    Yes      9.1661    9.1736      0.79   0.4      3001   7.1      
96   dikronzo 6e-03    5e-03    Yes      9.1828    9.1906      0.95   0.1      3001   48.7     
80   dikronzo 6e-03    5e-03    No       9.2668    9.2638      0.95   0.1      3001   49.2     
2    dilozo   6e-04    1e-03    No       9.2691    9.2784      0.44   0.3      3001   6.8      
60   dimezo   3e-03    5e-03    Yes      10.6271   10.6332     0.85   0.4      3001   6.3      
1    dilozo   6e-04    5e-04    No       10.8258   10.8258     0.42   0.3      3001   6.7      
5    dilozo   1e-03    5e-04    No       10.8258   10.8258     0.53   0.3      3001   6.9      
6    dilozo   1e-03    1e-03    No       10.8258   10.8258     0.53   0.3      3001   6.8      
7    dilozo   1e-03    2e-03    No       10.8258   10.8258     0.48   0.3      3001   6.8      
9    dilozo   3e-03    5e-04    No       10.8258   10.8258     0.41   0.3      3001   6.7      
10   dilozo   3e-03    1e-03    No       10.8258   10.8258     0.64   0.3      3001   6.8      
11   dilozo   3e-03    2e-03    No       10.8258   10.8258     0.61   0.3      3001   6.7      
12   dilozo   3e-03    5e-03    No       10.8258   10.8258     0.60   0.3      3001   6.8      
15   dilozo   6e-03    2e-03    No       10.8258   10.8258     0.73   0.3      3001   6.8      
16   dilozo   6e-03    5e-03    No       10.8258   10.8258     0.55   0.3      3001   6.9      
25   dilozo   3e-03    5e-04    Yes      10.8258   10.8258     0.77   0.4      3001   7.0      
26   dilozo   3e-03    1e-03    Yes      10.8258   10.8258     0.85   0.4      3001   7.0      
27   dilozo   3e-03    2e-03    Yes      10.8258   10.8258     0.76   0.4      3001   7.1      
28   dilozo   3e-03    5e-03    Yes      10.8258   10.8258     0.80   0.4      3001   7.0      
30   dilozo   6e-03    1e-03    Yes      10.8258   10.8258     0.79   0.4      3001   7.0      
31   dilozo   6e-03    2e-03    Yes      10.8258   10.8258     0.83   0.4      3001   6.9      
32   dilozo   6e-03    5e-03    Yes      10.8258   10.8258     0.77   0.4      3001   7.0      
41   dimezo   3e-03    5e-04    No       10.8258   10.8258     0.64   0.3      3001   6.0      
42   dimezo   3e-03    1e-03    No       10.8258   10.8258     0.43   0.3      3001   5.9      
43   dimezo   3e-03    2e-03    No       10.8258   10.8258     0.44   0.3      3001   5.9      
45   dimezo   6e-03    5e-04    No       10.8258   10.8258     0.66   0.3      3001   5.9      
46   dimezo   6e-03    1e-03    No       10.8258   10.8258     0.59   0.3      3001   5.9      
47   dimezo   6e-03    2e-03    No       10.8258   10.8258     0.55   0.3      3001   5.8      
48   dimezo   6e-03    5e-03    No       10.8258   10.8258     0.45   0.3      3001   5.8      
57   dimezo   3e-03    5e-04    Yes      10.8258   10.8258     0.62   0.4      3001   5.9      
58   dimezo   3e-03    1e-03    Yes      10.8258   10.8258     0.44   0.4      3001   5.9      
59   dimezo   3e-03    2e-03    Yes      10.8258   10.8258     0.44   0.4      3001   5.9      
62   dimezo   6e-03    1e-03    Yes      10.8258   10.8258     0.65   0.4      3001   6.2      
63   dimezo   6e-03    2e-03    Yes      10.8258   10.8258     0.62   0.4      3001   5.9      
64   dimezo   6e-03    5e-03    Yes      10.8258   10.8258     0.45   0.4      3001   5.9      
77   dikronzo 6e-03    5e-04    No       10.8258   10.8258     0.95   0.1      3001   48.9     
79   dikronzo 6e-03    2e-03    No       10.8258   10.8258     0.92   0.1      3001   49.2     
93   dikronzo 6e-03    5e-04    Yes      10.8258   10.8258     0.91   0.1      3001   49.4     
94   dikronzo 6e-03    1e-03    Yes      10.8258   10.8258     0.95   0.1      3001   48.9     
95   dikronzo 6e-03    2e-03    Yes      10.8258   10.8258     0.93   0.1      3001   49.5     
44   dimezo   3e-03    5e-03    No       10.8840   11.0378     0.51   0.3      3001   6.1      
61   dimezo   6e-03    5e-04    Yes      10.8840   10.8846     0.45   0.4      3001   5.8      
--------------------------------------------------------------------------------------------------------------------------------------------
Total successful runs: 91 / 96

Analysis:
--------------------------------------------------
Best validation loss: 8.8907
Best configuration:
  method: dilozo
  learning_rate: 0.001
  zo_eps: 0.001

Method-wise Best Performance:
  dilozo (with momentum): 8.8907 (lr=1e-03, eps=1e-03)
  dimezo (without momentum): 8.9310 (lr=6e-04, eps=2e-03)
  dikronzo (without momentum): 8.9181 (lr=3e-03, eps=5e-03)

Fastest training: 0.96 it/s (dikronzo - Exp 74)
Lowest memory usage: 0.1 GB (dikronzo - Exp 76)

Momentum Analysis:
  dilozo: 9.0099 vs dilozo-M: 8.8907 (improvement: 1.32%)
  dimezo: 8.9310 vs dimezo-M: 8.9571 (improvement: -0.29%)
  dikronzo: 8.9181 vs dikronzo-M: 8.9715 (improvement: -0.60%)